*************************
Oval 469.0 108.0 298.0 283.0 127 127 127 2 true 204 208 127
Oval 478.0 155.0 218.0 192.0 127 127 127 2 true 104 186 210
Oval 491.0 201.0 123.0 119.0 127 127 127 2 true 204 186 210
Rectangle 60.0 387.0 194.5 233.5 104 202 151 2 true 222 220 231
Rectangle 58.0 98.0 194.5 233.5 104 77 151 2 true 222 220 190
Word 130.0 126.0 127 127 127 25 pros
Word 135.0 406.0 222 220 231 25 cons
Word 130.0 416.0 131 126 124 25 cons
Word 508.0 269.0 86 126 124 20 Value
Word 618.0 268.0 86 126 124 20 Strategy
Word 703.0 267.0 86 126 124 20 Wish
Line 318.0 458.0 554.0 456.0 192 200 200 4 true
Line 320.0 508.0 551.0 518.0 192 200 200 4 true
Line 322.0 557.0 551.0 559.0 192 200 200 4 true
Line 321.0 601.0 554.0 604.0 192 200 200 4 true
